6
38
82 58 66 34 64 37 40 97 93 52 28 98 90 64 19 22 21 83 56 70 46 17 31 51 55 41 68 18 98 89 88 74 6 6 31 36 35 8
9898979390898888382747068666664645856555251464140373635343131282221191817
6
9 10 1 1 1 6
9611110
22
9 6 43 81 66 69 15 33 6 53 93 64 33 88 39 34 57 23 42 44 79 25
99388817969666664575344434239343333252315
37
100 83 99 8 53 17 89 29 78 100 9 49 87 32 6 85 83 97 77 69 56 46 86 22 82 83 76 47 85 26 71 42 5 68 13 15 93
999979389887868585838383827877767169686565534947464232292622171513100100
100
1000 760 987 422 401 67 321 477 239 128 371 576 819 66 468 992 78 576 648 288 279 1000 182 352 605 80 911 497 569 89 608 220 502 938 988 253 857 496 388 371 932 779 813 437 962 841 584 427 283 133 734 44 921 573 968 779 460 688 871 435 547 821 311 898 402 233 661 206 929 981 72 731 346 258 619 422 884 209 833 1000 518 1000 909 412 462 583 83 988 694 9 436 314 790 978 166 13 938 71 261 177
9992988988987981978968962938938932929921911909898988848718578418383382181981380790787797797607347317271694688676666164861960860558458357657657356954751850249749647746846246044437436435427422422412402401388371371352346321314311288283279261258253239233220209206182177166133131281000100010001000
100
82 468 941 181 287 861 291 515 263 424 470 620 954 894 565 69 148 587 823 57 730 389 921 1000 447 1000 748 104 831 943 174 24 340 1000 150 937 324 919 748 271 980 575 392 779 222 316 944 1000 160 501 319 436 26 828 348 211 825 857 486 1000 419 509 409 679 576 700 418 810 674 83 785 251 947 868 964 384 497 192 1000 998 756 649 269 290 197 30 95 796 642 980 474 122 443 707 839 213 1000 530 263 193
99898098096495954947944943941937921919894868861857839838318288282582381079678577975674874873070770069679674649642620587576575755655305155095014974864744704684474434364244194184093923893843483403243193163029129028727126926326326251242222132111971931921811741601501481221041000100010001000100010001000
