5
5
7
1 1 4 5 6
0 2 3 6 7 9 10
8
10
0 0 0 1 3 3 5 10
4 4 5 7 7 7 8 9 9 10
69
87
2 2 6 8 9 10 11 12 12 12 14 14 14 15 16 20 20 22 23 24 24 25 27 28 30 31 32 32 34 34 34 37 37 39 39 40 40 42 43 43 43 43 44 46 49 51 53 56 59 61 63 63 65 65 75 77 77 81 82 82 83 84 86 89 92 97 97 98 100
0 0 1 1 2 3 3 4 5 7 7 8 12 13 13 13 16 19 20 21 21 23 23 23 24 24 25 27 31 32 32 34 36 36 36 37 37 37 38 38 38 39 40 42 42 42 43 44 45 47 47 48 51 51 52 52 54 54 56 56 64 64 64 66 68 68 69 69 70 71 73 75 76 78 85 85 86 86 88 88 89 89 92 94 99 99 100
69
57
0 1 2 3 6 6 6 7 9 9 15 16 18 19 20 20 21 21 26 26 26 28 30 31 32 33 34 39 41 43 45 45 46 48 51 51 51 54 58 58 61 62 64 65 67 68 68 74 75 76 76 77 79 80 81 81 82 82 83 84 84 88 90 90 91 92 93 96 99
0 0 2 3 5 10 13 14 15 15 15 16 18 19 21 25 32 33 39 42 42 44 46 49 50 51 52 53 54 54 54 58 60 62 64 65 65 65 66 72 72 72 74 75 79 80 80 82 82 82 86 89 91 96 97 97 98
2
1
1 3
2
